100 0 r 9.341240e-04 5.755115e-02
100 1 r 8.411407e-04 1.233721e-02
100 2 r 8.909702e-04 8.375883e-03
100 3 r 6.129599e-02 6.610894e-02
100 4 r 7.314801e-02 7.620287e-02
100 5 r 7.010293e-02 7.564402e-02
100 6 r 9.341240e-04 8.960962e-03
100 7 r 8.819103e-04 1.000905e-02
100 8 r 8.549690e-04 1.218486e-02
100 9 r 8.521080e-04 1.317692e-02
10000000 10 w 1.941189e+01 1.942646e+01
10000000 11 w 1.917589e+01 1.918915e+01
10000000 12 w 1.855352e+01 1.857777e+01
10000000 13 w 1.875236e+01 1.878649e+01
10000000 14 w 1.979499e+01 1.983886e+01
10000000 15 w 1.808270e+01 1.813774e+01
10000000 16 w 1.872681e+01 1.879075e+01
10000000 17 w 1.974191e+01 1.981580e+01
10000000 18 w 1.910195e+01 1.918503e+01
10000000 19 w 1.995170e+01 2.004596e+01
