100 0 w 1.113892e-03 4.665804e-02
100 1 w 1.062155e-03 1.231098e-02
100 2 w 7.859802e-02 8.479691e-02
100 3 w 3.171515e-02 3.535199e-02
100 4 w 5.198193e-02 5.620694e-02
100 5 w 1.058102e-03 8.321047e-03
100 6 w 1.077175e-03 9.665012e-03
100 7 w 1.010180e-03 1.234818e-02
100 8 w 1.331091e-03 1.386714e-02
100 9 w 1.106977e-03 2.438807e-02
10000000 10 w 1.484619e+01 1.487084e+01
10000000 11 w 1.759981e+01 1.761340e+01
10000000 12 w 1.588251e+01 1.591624e+01
10000000 13 w 1.327099e+01 1.331527e+01
10000000 14 w 1.813374e+01 1.818653e+01
10000000 15 w 1.009371e+01 1.014724e+01
10000000 16 w 1.891590e+01 1.898797e+01
10000000 17 w 1.011715e+01 1.019906e+01
10000000 18 w 1.438942e+01 1.447683e+01
10000000 19 w 1.975887e+01 1.985005e+01
