100 0 r 2.391338e-04 5.853701e-02
100 1 r 1.361370e-04 6.957054e-03
100 2 r 1.358986e-04 5.514860e-03
100 3 r 1.490116e-04 4.580975e-03
100 4 r 6.289482e-04 3.906012e-03
100 5 r 1.349449e-04 4.570961e-03
100 6 r 1.847744e-04 5.228996e-03
100 7 r 1.380444e-04 5.420923e-03
100 8 r 1.358986e-04 5.964041e-03
100 9 r 1.339912e-04 6.121159e-03
10000000 10 r 1.315009e+00 1.331288e+00
10000000 11 r 1.352268e+00 1.358317e+00
10000000 12 r 1.336359e+00 1.362241e+00
10000000 13 r 1.328407e+00 1.364173e+00
10000000 14 r 1.320765e+00 1.366259e+00
10000000 15 r 1.255541e+00 1.311462e+00
10000000 16 r 1.276448e+00 1.341393e+00
10000000 17 r 1.293171e+00 1.367954e+00
10000000 18 r 1.265000e+00 1.349493e+00
10000000 19 r 1.226964e+00 1.321259e+00
