100 0 w 2.281666e-04 3.572416e-02
100 1 w 1.349449e-04 7.387161e-03
100 2 w 1.590252e-04 6.032228e-03
100 3 w 3.151298e-02 3.539300e-02
100 4 w 4.730225e-04 4.966021e-03
100 5 w 1.399517e-04 5.742073e-03
100 6 w 1.370907e-04 5.889177e-03
100 7 w 1.471043e-04 6.519079e-03
100 8 w 1.509190e-04 6.659985e-03
100 9 w 6.079674e-04 1.397109e-02
10000000 10 r 1.507999e+00 1.522111e+00
10000000 11 r 1.504484e+00 1.510736e+00
10000000 12 r 1.561088e+00 1.583767e+00
10000000 13 r 1.494140e+00 1.527501e+00
10000000 14 r 1.504084e+00 1.546290e+00
10000000 15 r 1.515624e+00 1.567631e+00
10000000 16 r 1.476052e+00 1.537765e+00
10000000 17 r 1.505222e+00 1.576716e+00
10000000 18 r 1.473974e+00 1.555236e+00
10000000 19 r 1.492374e+00 1.583375e+00
