100 0 r 2.460480e-04 5.690098e-02
100 1 r 1.580715e-04 6.627083e-03
100 2 r 1.449585e-04 5.490065e-03
100 3 r 1.471043e-04 4.379034e-03
100 4 r 6.089211e-04 3.722906e-03
100 5 r 1.349449e-04 4.369020e-03
100 6 r 1.349449e-04 5.077839e-03
100 7 r 1.349449e-04 5.820036e-03
100 8 r 1.349449e-04 6.000042e-03
100 9 r 1.368523e-04 6.167889e-03
10000000 10 r 1.299493e+00 1.314178e+00
10000000 11 r 1.315153e+00 1.321166e+00
10000000 12 r 1.328802e+00 1.353089e+00
10000000 13 r 1.303515e+00 1.337599e+00
10000000 14 r 1.288866e+00 1.332739e+00
10000000 15 r 1.274023e+00 1.328278e+00
10000000 16 r 1.294007e+00 1.357652e+00
10000000 17 r 1.282968e+00 1.356272e+00
10000000 18 r 1.257988e+00 1.341064e+00
10000000 19 r 1.255124e+00 1.348014e+00
