100 0 w 2.138615e-04 4.441595e-02
100 1 w 1.280308e-04 5.763054e-03
100 2 w 1.258850e-04 4.288912e-03
100 3 w 1.401901e-04 3.378153e-03
100 4 w 6.270409e-04 2.717018e-03
100 5 w 1.299381e-04 3.353119e-03
100 6 w 2.629757e-04 3.974915e-03
100 7 w 1.370907e-04 4.202127e-03
100 8 w 1.239777e-04 4.717112e-03
100 9 w 5.319118e-04 1.160502e-02
10000000 10 r 1.218085e+00 1.229803e+00
10000000 11 r 1.282684e+00 1.287022e+00
10000000 12 r 1.256035e+00 1.276518e+00
10000000 13 r 1.217783e+00 1.248067e+00
10000000 14 r 1.214352e+00 1.244252e+00
10000000 15 r 1.256793e+00 1.258255e+00
10000000 16 r 1.207592e+00 1.217013e+00
10000000 17 r 1.238270e+00 1.257493e+00
10000000 18 r 1.215442e+00 1.254441e+00
10000000 19 r 1.178646e+00 1.227564e+00
