100 0 r 9.949207e-04 5.556202e-02
100 1 r 7.760525e-04 1.228213e-02
100 2 r 8.308887e-04 8.709908e-03
100 3 r 7.012391e-02 7.361698e-02
100 4 r 4.857087e-02 5.338597e-02
100 5 r 1.194954e-03 6.930113e-03
100 6 r 9.019375e-04 9.129047e-03
100 7 r 7.841587e-04 1.002097e-02
100 8 r 7.658005e-04 1.195979e-02
100 9 r 9.150505e-04 1.296306e-02
10000000 10 w 1.965249e+01 1.967466e+01
10000000 11 w 1.802048e+01 1.803330e+01
10000000 12 w 1.860350e+01 1.863525e+01
10000000 13 w 2.029308e+01 2.033455e+01
10000000 14 w 1.984238e+01 1.989535e+01
10000000 15 w 1.963297e+01 1.969408e+01
10000000 16 w 1.983321e+01 1.990452e+01
10000000 17 w 1.982677e+01 1.990737e+01
10000000 18 w 1.878308e+01 1.887353e+01
10000000 19 w 1.898184e+01 1.897180e+01
