100 0 w 5.269051e-03 9.702921e-03
100 1 w 1.030111e-02 1.314306e-02
100 2 w 5.760908e-03 8.344889e-03
100 3 w 4.000497e-02 4.235005e-02
100 4 w 6.428003e-03 8.538008e-03
100 5 w 5.145073e-03 7.133961e-03
100 6 w 6.052017e-03 7.884979e-03
100 7 w 9.950161e-03 1.161718e-02
100 8 w 1.056814e-02 1.206803e-02
100 9 w 1.083899e-02 1.217008e-02
10000000 10 r 1.307386e+00 1.308561e+00
10000000 11 r 1.312379e+00 1.313335e+00
10000000 12 r 1.249182e+00 1.249955e+00
10000000 13 r 1.297083e+00 1.297580e+00
10000000 14 r 1.271787e+00 1.273688e+00
10000000 15 r 1.264958e+00 1.274185e+00
10000000 16 r 1.255905e+00 1.274903e+00
10000000 17 r 1.208665e+00 1.237461e+00
10000000 18 r 1.226390e+00 1.264717e+00
10000000 19 r 1.199340e+00 1.247471e+00
