100 0 w 9.191036e-04 6.443095e-02
100 1 w 9.288788e-04 1.234484e-02
100 2 w 8.959770e-04 8.448124e-03
100 3 w 5.967808e-02 6.422901e-02
100 4 w 8.009315e-02 8.272600e-02
100 5 w 1.231909e-03 6.556988e-03
100 6 w 8.790493e-04 8.903027e-03
100 7 w 8.420944e-04 9.896994e-03
100 8 w 9.911060e-04 1.236415e-02
100 9 w 9.589195e-04 1.346493e-02
10000000 10 w 1.006252e+01 1.008404e+01
10000000 11 w 1.071071e+01 1.072413e+01
10000000 12 w 1.026626e+01 1.029746e+01
10000000 13 w 9.837990e+00 9.878922e+00
10000000 14 w 1.030120e+01 1.035192e+01
10000000 15 w 1.022492e+01 1.028700e+01
10000000 16 w 1.002274e+01 1.009304e+01
10000000 17 w 9.787497e+00 9.788613e+00
10000000 18 w 1.084314e+01 1.085232e+01
10000000 19 w 1.101707e+01 1.103084e+01
